1	12
2
3	12
4	11
5	12
6
7	12
8	12
9
10	12
11
12	12
13	11
14	12
15
16	12
17	12
18	12
19	12
20	11
21	12
22	12
23	12
24	12
25	14
26	12
27	12
28
29
30	13
31	13
32
33	12
34	12
35	12
36
37
38	12
39
40
41	11
42	12
43	12
44	13
45	12
46	12
47	11
48	12
49	12
50	12
51	11
52	13
53	12
54	12
55	12
56	11
57	12
58	12
59	13
60
61
62	12
63	12
64
65	12
66	12
67
68	13
69	13
70	11
71	12
72	11
73	12
74
75	12
76
77	12
78
79
80
81	11
82	12
83	12
84	11
85	11
86	11
87	12
88	12
89	12
90	12
91	12
92	11
93	11
94	13
95	12
96	11
97
98	13
99	12
100	13
101	12
102
103	14
104	12
105	12
106	13
107	12
108	13
109	13
110
111
112	12
113	12
114	11
115	12
116	11
117
118	12
119	12
120
121	12
122	12
123	12
124	12
125
126	12
127	12
128	12
129
130
131	11
132	11
133	12
134	13
135	12
136	12
137	13
138	11
139	12
140	10
141	12
142	12
143
144	13
145
146
147	12
148	11
149	11
150	13
151	12
152	12
153
154
155	12
156	12
157	13
158	12
159
160	12
161	12
162	12
163	11
164
165	12
166	12
167	11
168	12
169
170	12
171
172	12
173	12
174	12
175
176
177	12
178	12
179	11
180	12
181	12
182	12
183	12
184	11
185	11
186	12
187	13
188	12
189	11
190	12
191	11
192	13
193
194	11
195	14
196	12
197	13
198	12
199
200	13
201	11
202	11
203	11
204
205	12
206
207	12
208	11
209	12
210	12
211
212	12
213	12
214	12
215
216
217
218
219
220
221
222
223	12
224	11
225	12
226	12
227
228	10
229	11
230	11
231	23
232
233	25
234
235
236
237	24
238
239
240
241	24
242	24
243	24
244	25
245
246	23
247	24
248	23
249
250	25
251
252	25
253
254
255
256	24
257	35.1
258
259
260
261	24
262
263	24
264	24
265	24
266	24
267	23
268
269
270
271	23
272
273	24
274	24
275	25
276	24
277	25
278	24
279
280	24
281
282	25
283
284	25
285
286	23
287	22
288
289
290	24
291	24
292	24
293	26
294	25
295
296
297
298
299	24
300	25
301	24
302	24
303
304	25
305	23
306	24
307
308	25
309
310	24
311	24
312	24
313	23
314	24
315	24
316	23
317	24
318
319	23
320
321	23
322
323
324	23
325	25
326
327	23
328	25
329
330	24
331	24
332	24
333	24
334	24
335
336	23
337	22
338	24
339
340	24
341	23
342	24
343	24
344
345	24
346
347
348	25
349
350
351	24
352	26
353	23
354	24
355
356	25
357	23
358
359
360	24
361
362
363	24
364	23
365	24
366	24
367	24
368	24
369
370	23
371	25
372
373
374	23
375	25
376
377	24
378	24
379	24
380	25
381
382	23
383	24
384	27
385
386	23
387
388
389	22
390	22
391	25
392	25
393	24
394	45.2
395
396
397	24
398	26
399
400	25
401
402
403
404	23
405	24
406	24
407
408	23
409	23
410
411	24
412	25
413	24
414	23
415	25
416	24
417	22
418	25
419	24
420
421	24
422
423	25
424	23
425	24
426	24
427	25
428	25
429	25
430	25
431
432
433	25
434	23
435	24
436	25
437
438	24
439	24
440	25
441	24
442	24
443
444
445	24
446	24
447
448	24
449	24
450	25
451	23
452
453	24
454	22
455	25
456	22
457	23
458	25
459	24
460
461
462
463	24
464
465	23
466
467
468	24
469	24
470
471	24
472	23
473	25
474
475
476
477
478
479	24
480	23
481
482
483	36
484
485	36
486	47.1
487
488	38
489
490
491
492	37
493	35
494	36
495
496
497	37
498
499
500
501
502
503
504	35
505
506
507
508
509	40
510
511	62.1
512
513	61.1
514
515
516
517	60.1
518
519	51
520
521	48
522
523
524
525	47
526	49
527
528
529
530
531
532	49
533
534
535	47
536
537
538
539
540
541
542
543
544
545	51
546
547
548	47
549	48
550
551
552
553
554
555	59.1
556
557
558
559	49
560
561
562
563
564
565
566
567
568
569
570	73.2
571
572	45
573	48
574	46
575	48
576	46
577
578
579	47
580	47
581
582	47
583
584
585
586
587
588
589
590	48
591
592	48
593
594
595
596
597
598
599
600
601
602
603
604
605
606	49
607
608
609
610
611
612	46
613
614
615	47
616
617	49
618	49
619
620	48
621
622	53
623
624	49
625
626
627
628
629
630	111.6
631
632
633
634
635	48
636	49
637
638	51
639
640
641	49
642	47
643
644
645
646	49
647
648
649
650
651
652
653
654	49
655
656
657	50
658
659	49
660
661
662	48
663	47
664	72.2
665
666
667
668	50
669
670	63.1
671
672	80.3
673
674	78.3
675	59.1
676
677	51
678	50
679
680
681	50
682	46
683	48
684
685	48
686
687
688
689
690
691
692
693
694
695
696	48
697
698
699
700
701
702
703	47
704
705
706
707
708
709
710
711	49
712	50
713
714	49
715	63.1
716
717	50
718
719	50
720
721
722	63.1
723	59.1
724	47
725
726
727
728
729
730
731
732	60.1
733
734
735	69.2
736	60.1
737	54
738	50
739	93.4
740
741	47
742	47
743
744
745
746	48
747
748
749	48
750	48
751	48
752
753
754
755
756
757
758
759
760	47
761
762
763
764
765	48
766
767	46
768	48
769
770	48
771	50
772	48
773	47
774	49
775
776
777
778
779
780
781
782
783
784
785
786
787
788
789
790
791
792
793
794	46
795
796
797	47
798
799	47
800	48
801
802
803	48
804
805
806
807	48
808
809
810
811
812	47
813
814
815
816	48
817
818	49
819
820
821
822
823	47
824
825
826
827	47
828	47
829
830
831
832
833
834
835	49
836
837	48
838
839
840
841
842	53
843
844
845
846
847
848
849
850	49
851
852
853	45
854
855
856
857	46
858
859
860	49
861	51
862
863	49
864	48
865
866	47
867
868	48
869	48
870
871
872	47
873	50
874
875	48
876
877
878
879
880
881
882
883
884	46
885
886
887
888
889
890
891	49
892
893
894
895
896
897
898
899
900
901
902	48
903	49
904	47
905
906	47
907
908
909	48
910
911
912	48
913
914
915	49
916	49
917	47
918
919
920
921
922
923
924	47
925
926
927	49
928	48
929
930	50
931
932
933
934	49
935
936
937
938	50
939	45
940
941
942	108.6
943	50
944
945
946
947
948
949	69.2
950
951	48
952	50
953	48
954
955
956	48
957
958
959
960
961	102.5
962
963	101.5
964
965	110.6
966	153
967
968
969	140.9
970
971
972
973
974	49
975
976	46
977
978	47
979
980
981
982
983
984	47
985
986	49
987	48
988	46
989
990	48
991
992	58.1
993
994	48
995
996
997	49
998	49
999	48
1000
1001
1002
1003
1004	49
1005
1006
1007
1008
1009
1010
