作业ID	开始执行时间	作业时长	结束时间	物料量	固定装配位置
1	0	2	2	2	5
2	1	4	5	10	10
3	2	5	7	1	8
4	2	10	12	10	1
5	3	10	13	6	9
6	3	9	12	2	10
7	3	3	6	10	5
8	3	7	10	7	10
9	4	5	9	1	9
10	5	6	11	1	7
11	5	3	8	6	2
12	5	3	8	7	7
13	6	10	16	9	8
14	6	10	16	4	5
15	7	2	9	1	10
16	8	7	15	2	8
17	8	4	12	4	8
18	10	8	18	7	10
19	10	2	12	2	8
20	10	3	13	1	8
21	10	5	15	2	8
22	11	2	13	5	5
23	11	2	13	4	8
24	11	5	16	4	8
25	11	7	18	1	2
26	11	2	13	9	10
27	12	2	14	6	1
28	12	3	15	4	7
29	14	8	22	10	8
30	14	3	17	1	1
31	15	3	18	6	4
32	15	3	18	2	3
33	16	8	24	1	1
34	17	7	24	7	1
35	17	8	25	10	4
36	17	4	21	6	10
37	18	10	28	5	7
38	18	2	20	6	7
39	18	3	21	9	5
40	18	7	25	2	7
41	19	5	24	2	5
42	20	7	27	4	7
43	21	3	24	5	1
44	21	7	28	4	8
45	21	3	24	4	7
46	21	7	28	3	7
47	22	4	26	3	7
48	22	4	26	7	2
49	23	1	24	1	1
50	23	2	25	2	6
51	23	9	32	1	3
52	23	2	25	6	5
53	23	10	33	3	10
54	25	1	26	10	7
55	26	6	32	8	2
56	29	7	36	9	10
57	30	4	34	3	3
58	31	8	39	3	3
59	31	2	33	3	10
60	32	1	33	9	4
61	32	7	39	8	9
62	33	10	43	10	3
63	34	10	44	10	7
64	35	9	44	7	9
65	35	2	37	6	1
66	35	5	40	3	9
67	36	5	41	7	10
68	36	9	45	1	8
69	37	1	38	6	3
70	38	2	40	5	1
71	38	7	45	8	5
72	38	3	41	1	1
73	38	5	43	3	8
74	39	10	49	9	3
75	39	10	49	2	6
76	39	2	41	5	9
77	39	10	49	4	7
78	39	5	44	5	2
79	40	3	43	10	9
80	40	10	50	10	2
81	41	2	43	8	10
82	41	10	51	8	4
83	41	7	48	3	6
84	42	4	46	2	10
85	42	8	50	4	10
86	42	10	52	4	7
87	43	1	44	8	7
88	44	9	53	1	8
89	46	8	54	4	1
90	46	3	49	9	3
91	47	2	49	5	9
92	47	7	54	4	1
93	48	9	57	3	8
94	48	8	56	4	7
95	48	10	58	7	6
96	48	1	49	10	3
97	48	8	56	5	7
98	49	3	52	1	10
99	49	4	53	6	2
100	49	2	51	1	2
101	50	6	56	10	3
102	50	7	57	4	1
103	51	8	59	1	3
104	51	4	55	5	1
105	51	2	53	1	5
106	52	9	61	6	6
107	52	1	53	4	4
108	52	9	61	1	9
109	52	10	62	1	4
110	53	6	59	6	5
111	54	8	62	10	7
112	54	8	62	8	8
113	54	3	57	4	6
114	54	7	61	4	3
115	55	10	65	10	7
116	55	7	62	6	8
117	56	3	59	6	3
118	56	4	60	2	5
119	57	2	59	8	5
120	57	9	66	3	8
121	57	2	59	4	6
122	57	7	64	3	8
123	58	10	68	5	1
124	58	7	65	4	7
125	59	10	69	2	9
126	59	2	61	4	1
127	61	10	71	6	5
128	61	8	69	7	7
129	61	6	67	5	8
130	61	6	67	8	9
131	62	1	63	8	6
132	62	2	64	3	3
133	63	3	66	2	6
134	63	8	71	2	7
135	63	2	65	3	2
136	64	5	69	10	5
137	65	10	75	10	8
138	65	4	69	7	5
139	66	5	71	8	2
140	66	4	70	6	10
141	66	7	73	7	3
142	67	7	74	9	7
143	68	6	74	8	1
144	68	6	74	9	4
145	68	1	69	8	6
146	69	7	76	8	9
147	70	6	76	2	4
148	70	6	76	1	3
149	70	7	77	5	2
150	71	5	76	4	8
151	71	8	79	7	7
152	72	10	82	7	1
153	73	6	79	3	5
154	75	8	83	2	1
155	76	9	85	2	10
156	76	4	80	6	6
157	77	9	86	10	8
158	79	8	87	2	3
159	80	1	81	8	5
160	80	1	81	5	9
161	81	3	84	6	5
162	82	2	84	5	10
163	83	10	93	6	8
164	84	5	89	8	1
165	84	6	90	1	2
166	85	7	92	5	9
167	85	3	88	10	1
168	85	3	88	4	3
169	85	3	88	9	3
170	85	1	86	5	5
171	86	10	96	10	5
172	86	6	92	7	6
173	86	1	87	4	5
174	86	5	91	8	5
175	86	3	89	8	9
176	87	2	89	4	10
177	87	1	88	10	2
178	87	4	91	8	9
179	87	8	95	5	6
180	87	4	91	9	3
181	88	6	94	7	2
182	90	7	97	3	6
183	90	1	91	7	6
184	91	5	96	8	3
185	91	5	96	10	3
186	92	8	100	5	10
187	93	9	102	10	6
188	94	4	98	1	8
189	94	3	97	10	3
190	94	10	104	8	6
191	95	3	98	9	5
192	96	1	97	3	2
193	96	6	102	5	4
194	96	5	101	10	1
195	97	8	105	9	5
196	99	6	105	2	7
197	99	4	103	7	2
198	100	9	109	4	8
199	100	3	103	7	10
200	100	10	110	2	7
201	104	1	105	3	5
202	104	1	105	8	9
203	104	5	109	1	2
204	104	10	114	4	6
205	104	9	113	6	5
206	105	10	115	3	4
207	106	7	113	6	9
208	107	6	113	10	3
209	107	10	117	9	8
210	108	4	112	5	9
211	108	3	111	5	6
212	109	2	111	1	6
213	109	6	115	10	7
214	110	4	114	9	1
215	110	2	112	6	3
216	111	10	121	6	9
217	111	10	121	3	4
218	112	10	122	9	7
219	112	1	113	5	8
220	112	4	116	7	9
221	112	10	122	5	9
222	112	1	113	8	7
223	112	5	117	7	6
224	112	10	122	10	9
225	113	10	123	6	8
226	113	8	121	7	1
227	114	2	116	6	6
228	114	4	118	4	4
229	114	7	121	2	9
230	114	4	118	8	7
231	115	1	116	8	7
232	115	1	116	7	8
233	116	7	123	9	7
234	116	7	123	4	7
235	117	1	118	4	4
236	117	5	122	5	7
237	118	8	126	5	9
238	118	3	121	1	4
239	119	9	128	7	1
240	119	8	127	5	8
241	119	5	124	1	4
242	121	9	130	4	7
243	121	7	128	3	10
244	121	7	128	2	7
245	121	9	130	5	2
246	121	3	124	10	7
247	121	7	128	6	2
248	122	9	131	2	6
249	122	2	124	6	10
250	123	1	124	8	3
251	123	7	130	4	6
252	124	8	132	2	8
253	124	4	128	5	6
254	125	4	129	8	6
255	125	9	134	2	5
256	126	4	130	5	6
257	127	5	132	3	2
258	127	6	133	7	3
259	127	5	132	4	4
260	128	4	132	3	4
261	129	5	134	1	8
262	130	3	133	10	9
263	130	4	134	3	7
264	131	7	138	7	10
265	132	10	142	7	3
266	133	1	134	2	10
267	133	9	142	10	8
268	134	6	140	4	10
269	134	9	143	9	1
270	134	7	141	9	10
271	135	2	137	1	5
272	135	7	142	2	4
273	136	6	142	1	8
274	137	5	142	3	4
275	138	4	142	4	9
276	138	3	141	6	4
277	138	9	147	6	4
278	138	2	140	7	3
279	138	4	142	8	4
280	140	3	143	7	10
281	140	2	142	2	8
282	140	2	142	9	8
283	141	8	149	7	2
284	141	10	151	9	1
285	141	4	145	3	2
286	143	2	145	5	10
287	143	9	152	4	6
288	144	5	149	4	9
289	144	3	147	1	1
290	144	9	153	1	3
291	145	8	153	6	10
292	146	4	150	4	9
293	147	6	153	8	7
294	147	3	150	7	7
295	148	3	151	6	8
296	148	1	149	9	6
297	149	6	155	5	7
298	149	2	151	4	5
299	149	6	155	6	1
300	149	7	156	2	4
