50 50 50 50 50 50 50 50 50 50
50 50 50 50 50 50 50 50 50 50
50 50 50 50 50 50 50 32 15 2
50 50 50 50 15 1 1 0 0 0
50 50 50 2 0 0 0 0 0 0
50 50 50 0 0 0 0 0 0 0
0 50 50 50 50 50 50 50 50 50
0 50 50 50 50 50 50 50 50 50
20 50 50 50 50 50 50 50 50 50
50 50 50 50 50 50 50 50 50 50
50 50 50 50 50 50 50 50 50 50
50 50 50 50 50 50 50 50 50 50
0 0 0 0 0 0 0 0 0 0
0 0 0 0 0 0 0 0 2 0
0 0 5 24 30 46 48 50 50 50
0 29 50 50 50 50 50 50 50 50
5 50 50 50 50 50 50 50 50 50
50 50 50 50 50 50 50 50 50 50
0 0 0 0 0 0 0 0 0 0
0 0 0 0 0 0 0 0 0 0
0 0 0 0 0 0 0 0 0 0
0 0 0 2 3 0 1 4 2 0
0 0 14 50 50 50 50 50 50 50
0 50 50 50 50 50 50 50 50 50
0 0 0 0 0 0 0 0 0 0
0 0 0 0 0 0 0 0 0 0
0 0 0 0 0 0 0 0 0 0
0 0 0 0 0 0 0 0 0 0
0 0 0 1 1 0 0 0 0 0
0 0 50 50 50 50 50 50 50 50
526 779 869 829 799 797 800 786 769 752