1	6
1	5
1	5
1	5
1	5
1	5
1	5
1	5
1	5
1	5
1	5
1	5
1	5
1	5
1	4
1	5
1	5
1	5
1	5
1	5
1	5
1	5
1	5
1	5
1	5
1	5
1	4
1	5
1	5
1	6
1	4
1	5
1	4
1	5
1	5
1	5
1	5
1	5
1	5
1	6
1	5
1	5
1	5
1	5
1	5
1	5
1	5
1	5
1	5
1	5
1	9
1	9
1	9
1	7
1	9
1	9
1	9
1	10
1	9
1	9
1	7
1	8
1	10
1	10
1	9
1	8
1	8
1	8
1	8
1	8
1	9
1	9
1	9
1	8
1	8
1	8
1	9
1	8
1	8
1	9
1	7
1	9
1	9
1	7
1	8
1	9
1	9
1	8
1	9
1	8
1	9
1	9
1	9
1	8
1	9
1	8
1	10
1	8
1	9
1	9
1	9
1	10
1	10
1	10
1	11
1	9
1	11
1	10
1	9
1	12
1	10
1	11
1	11
1	10
1	9
1	12
1	10
1	9
1	12
1	10
1	12
1	10
1	9
1	11
1	11
1	10
1	10
1	10
1	11
1	12
1	9
1	10
1	10
1	11
1	10
1	12
1	10
1	11
1	12
1	11
1	10
1	11
1	10
1	11
1	9
1	11
1	10
1	12
1	11
1	11
1	10
1	9
1	8
1	10
1	8
1	9
1	10
1	10
1	9
1	10
1	9
1	9
1	9
1	10
1	9
1	11
1	9
1	9
1	9
1	11
1	9
1	9
1	9
1	10
1	9
1	10
1	9
1	10
1	9
1	8
1	8
1	10
1	9
1	9
1	9
1	9
1	10
1	8
1	8
1	10
1	10
1	10
1	10
1	9
1	10
1	9
1	9
1	10
1	10
1	9
1	22.1
1	15
1	22.1
1	12
1	23.1
1	33.2
1	13
1	12
1	13
1	12
1	14
1	27.1
1	12
1	14
1	11
1	14
1	13
1	10
1	13
1	10
1	11
1	13
1	22.1
1	13
1	14
1	13
1	12
1	12
1	12
1	13
1	10
1	13
1	12
1	14
1	11
1	12
1	12
1	13
1	18
1	23.1
1	15
1	16
1	15
1	33.2
1	14
1	13
1	11
1	11
1	13
1	11
1	12
1	39.3
1	11
1	9
1	10
1	9
1	11
1	10
1	11
1	11
1	11
1	10
1	10
1	10
1	11
1	10
1	11
1	9
1	9
1	11
1	10
1	10
1	10
1	10
1	9
1	20.1
1	11
1	11
1	20.1
1	10
1	11
1	9
1	9
1	11
1	10
1	31.2
1	10
1	10
1	11
1	19.1
1	10
1	10
1	10
1	10
1	9
1	11
1	11
1	10
1	11
1	10
1	24.1
1	13
1	34.2
1	11
1	13
1	12
1	37.2
1	24.1
1	36.2
1	23.1
1	17
1	33.2
1	35.2
1	15
1	56.4
1	15
1	24.1
1	27.1
1	36.2
1	15
1	34.2
1	15
1	34.2
1	34.2
1	26.1
1	12
1	23.1
1	33.2
1	34.2
1	15
1	24.1
1	14
1	36.2
1	36.2
1	27.1
1	25.1
1	23.1
1	22.1
1	22.1
1	23.1
1	49.3
1	33.2
1	37.2
1	34.2
1	25.1
1	28.1
1	23.1
1	25.1
1	16
1	15
1	34.2
1	44.3
1	53.4
1	55.4
1	35.2
1	35.2
1	24.1
1	15
1	69.5
1	33.2
1	56.4
1	33.2
1	33.2
1	34.2
1	25.1
1	48.3
1	45.3
1	33.2
1	55.4
1	24.1
1	57.4
1	66.5
1	45.3
1	59.4
1	57.4
1	60.4
1	36.2
1	33.2
1	15
1	33.2
1	33.2
1	44.3
1	37.2
1	36.2
1	23.1
1	46.3
1	25.1
1	24.1
1	34.2
1	25.1
1	36.2
1	25.1
1	14
1	36.2
1	46.3
1	36.2
1	44.3
1	36.2
1	48.3
1	57.4
1	33.2
1	45.3
1	67.5
1	67.5
1	47.3
1	78.6
1	53.4
1	63.5
1	34.2
1	48.3
1	68.5
1	78.6
1	35.2
1	56.4
1	64.5
1	75.6
1	67.5
1	68.5
1	69.5
1	55.4
1	57.4
1	43.3
1	56.4
1	56.4
1	34.2
1	37.2
1	44.3
1	80.6
1	59.4
1	46.3
1	99.8
1	67.5
1	71.5
1	48.3
1	44.3
1	45.3
1	54.4
1	35.2
1	57.4
1	58.4
1	27.1
1	23.1
1	34.2
1	85.7
1	69.5
1	35.2
1	54.4
1	86.7
1	66.5
1	35.2
1	9
1	10
1	10
1	9
1	11
1	9
1	10
1	10
1	9
1	9
1	10
1	9
1	9
1	10
1	10
1	9
1	9
1	10
1	9
1	10
1	10
1	10
1	9
1	9
1	10
1	9
1	10
1	10
1	9
1	10
1	9
1	9
1	9
1	10
1	9
1	10
1	9
1	10
1	10
1	10
1	10
1	9
1	10
1	9
1	8
1	10
1	9
1	9
1	10
1	9
1	16
1	14
1	15
1	16
1	17
1	15
1	16
1	16
1	15
1	17
1	15
1	15
1	17
1	15
1	17
1	16
1	16
1	18
1	16
1	15
1	17
1	15
1	15
1	15
1	16
1	17
1	14
1	15
1	14
1	16
1	14
1	16
1	17
1	15
1	16
1	15
1	16
1	14
1	17
1	15
1	14
1	15
1	16
1	15
1	15
1	16
1	17
1	17
1	14
1	16
1	11
1	9
1	11
1	11
1	10
1	11
1	10
1	10
1	11
1	11
1	11
1	10
1	11
1	11
1	10
1	10
1	10
1	10
1	10
1	10
1	10
1	10
1	10
1	10
1	11
1	10
1	11
1	11
1	10
1	10
1	10
1	11
1	11
1	11
1	10
1	11
1	10
1	11
1	11
1	11
1	10
1	10
1	9
1	10
1	11
1	11
1	11
1	10
1	10
1	10
1	17
1	17
1	16
1	20
1	15
1	18
1	16
1	16
1	16
1	16
1	16
1	18
1	18
1	15
1	16
1	17
1	17
1	16
1	18
1	18
1	15
1	18
1	17
1	18
1	15
1	17
1	17
1	17
1	17
1	17
1	16
1	16
1	18
1	18
1	19
1	17
1	19
1	19
1	18
1	18
1	17
1	18
1	16
1	17
1	19
1	17
1	17
1	17
1	17
1	18
1	23
1	20
1	21
1	22
1	34.1
1	22
1	32.1
1	22
1	34.1
1	21
1	22
1	24
1	27
1	35.1
1	33.1
1	22
1	21
1	22
1	24
1	22
1	22
1	21
1	22
1	21
1	23
1	22
1	22
1	22
1	22
1	27
1	22
1	21
1	25
1	23
1	34.1
1	22
1	24
1	30.1
1	33.1
1	23
1	24
1	21
1	44.2
1	24
1	21
1	35.1
1	23
1	24
1	23
1	22
1	20
1	18
1	30.1
1	30.1
1	19
1	16
1	19
1	19
1	19
1	28.1
1	18
1	29.1
1	17
1	18
1	27.1
1	19
1	17
1	30.1
1	20
1	19
1	17
1	20
1	19
1	19
1	39.2
1	16
1	17
1	18
1	18
1	28.1
1	28.1
1	26.1
1	30.1
1	19
1	19
1	50.3
1	37.2
1	18
1	19
1	19
1	17
1	20
1	18
1	18
1	18
1	28.1
1	20
1	29.1
1	18
1	28.1
1	65.4
1	34.1
1	74.5
1	56.3
1	46.2
1	26
1	43.2
1	71.4
1	64.4
1	46.2
1	52.3
1	46.2
1	45.2
1	46.2
1	43.2
1	36.1
1	64.4
1	38.1
1	44.2
1	33.1
1	69.4
1	34.1
1	85.6
1	65.4
1	42.2
1	27
1	55.3
1	53.3
1	33.1
1	34.1
1	66.4
1	57.3
1	42.2
1	57.3
1	46.2
1	33.1
1	56.3
1	32.1
1	45.2
1	32.1
1	45.2
1	43.2
1	45.2
1	56.3
1	52.3
1	33.1
1	35.1
1	54.3
1	57.3
1	45.2
1	69.5
1	50.3
1	30.1
1	50.3
1	50.3
1	70.5
1	28.1
1	49.3
1	40.2
1	21
1	38.2
1	50.3
1	39.2
1	29.1
1	69.5
1	49.3
1	52.3
1	28.1
1	29.1
1	19
1	37.2
1	49.3
1	51.3
1	41.2
1	79.6
1	59.4
1	30.1
1	41.2
1	30.1
1	49.3
1	30.1
1	29.1
1	62.4
1	30.1
1	69.5
1	49.3
1	61.4
1	40.2
1	40.2
1	30.1
1	30.1
1	39.2
1	30.1
1	39.2
1	30.1
1	31.1
1	31.1
1	30.1
1	40.2
1	39.2
1	68.4
1	46.2
1	76.5
1	97.7
1	79.5
1	62.4
1	67.4
1	120.9
1	55.3
1	65.4
1	65.4
1	44.2
1	87.6
1	66.4
1	96.7
1	56.3
1	100.7
1	65.4
1	59.3
1	97.7
1	79.5
1	65.4
1	108.8
1	96.7
1	86.6
1	94.7
1	68.4
1	65.4
1	44.2
1	67.4
1	46.2
1	89.6
1	110.8
1	76.5
1	65.4
1	76.5
1	64.4
1	77.5
1	74.5
1	57.3
1	78.5
1	55.3
1	58.3
1	76.5
1	43.2
1	97.7
1	78.5
1	46.2
1	73.5
1	85.6
1	98.7
1	106.8
1	89.6
1	87.6
1	106.8
1	111.8
1	105.8
1	78.5
1	119.9
1	110.8
1	126
1	90.6
1	130
1	99.7
1	97.7
1	69.4
1	100.7
1	76.5
1	99.7
1	45.2
1	96.7
1	105.8
1	99.7
1	100.7
1	136.1
1	118.9
1	77.5
1	79.5
1	77.5
1	111.8
1	105.8
1	112.8
1	128
1	97.7
1	95.7
1	106.8
1	119.9
1	105.8
1	107.8
1	74.5
1	76.5
1	89.6
1	86.6
1	65.4
1	98.7
1	96.7
1	106.8
1	102.7
1	105.8
1	64.4
1	14
1	15
1	14
1	13
1	14
1	14
1	14
1	14
1	15
1	16
1	14
1	14
1	13
1	15
1	15
1	13
1	14
1	15
1	15
1	15
1	14
1	14
1	13
1	14
1	13
1	13
1	13
1	13
1	13
1	15
1	14
1	15
1	15
1	14
1	14
1	13
1	14
1	13
1	15
1	15
1	13
1	14
1	12
1	13
1	13
1	14
1	15
1	13
1	14
1	15
1	22
1	22
1	23
1	24
1	21
1	20
1	22
1	22
1	22
1	24
1	22
1	24
1	23
1	24
1	20
1	21
1	23
1	22
1	22
1	23
1	22
1	21
1	23
1	20
1	21
1	21
1	25
1	21
1	21
1	24
1	21
1	22
1	19
1	21
1	25
1	22
1	22
1	21
1	21
1	23
1	25
1	22
1	23
1	24
1	22
1	20
1	22
1	21
1	22
1	23
1	16
1	15
1	14
1	15
1	14
1	14
1	14
1	15
1	15
1	16
1	15
1	16
1	14
1	15
1	15
1	16
1	15
1	16
1	15
1	14
1	15
1	15
1	14
1	15
1	15
1	15
1	15
1	15
1	14
1	16
1	15
1	15
1	16
1	14
1	15
1	15
1	15
1	15
1	15
1	15
1	14
1	14
1	14
1	15
1	16
1	14
1	15
1	15
1	14
1	15
1	26
1	36.1
1	27
1	24
1	25
1	24
1	23
1	26
1	24
1	25
1	25
1	35.1
1	24
1	27
1	26
1	23
1	26
1	26
1	27
1	23
1	25
1	25
1	27
1	24
1	36.1
1	26
1	24
1	22
1	36.1
1	23
1	28
1	25
1	24
1	27
1	27
1	24
1	36.1
1	25
1	24
1	26
1	26
1	26
1	25
1	25
1	23
1	35.1
1	24
1	23
1	36.1
1	26
1	43.1
1	55.2
1	41.1
1	52.2
1	46.1
1	31
1	44.1
1	37.1
1	35
1	34
1	30
1	34
1	39.1
1	43.1
1	41.1
1	45.1
1	34
1	54.2
1	44.1
1	40.1
1	31
1	54.2
1	50.2
1	33
1	36
1	46.1
1	44.1
1	35
1	57.2
1	41.1
1	32
1	44.1
1	42.1
1	31
1	34
1	53.2
1	33
1	43.1
1	33
1	45.1
1	33
1	33
1	35
1	44.1
1	45.1
1	31
1	61.3
1	46.1
1	33
1	43.1
1	58.3
1	24
1	79.5
1	28
1	35.1
1	27
1	26
1	39.1
1	47.2
1	67.4
1	57.3
1	46.2
1	27
1	49.2
1	27
1	27
1	25
1	28
1	26
1	37.1
1	59.3
1	40.1
1	36.1
1	38.1
1	36.1
1	68.4
1	37.1
1	28
1	59.3
1	35.1
1	37.1
1	27
1	46.2
1	38.1
1	59.3
1	27
1	36.1
1	58.3
1	69.4
1	58.3
1	35.1
1	66.4
1	28
1	25
1	35.1
1	58.3
1	38.1
1	28
1	70.4
1	48.2
1	66.3
1	103.7
1	85.5
1	86.5
1	67.3
1	87.5
1	74.4
1	53.2
1	73.4
1	88.5
1	68.3
1	75.4
1	88.5
1	86.5
1	96.6
1	117.8
1	84.5
1	87.5
1	73.4
1	87.5
1	86.5
1	94.6
1	84.5
1	94.6
1	46.1
1	74.4
1	100.6
1	65.3
1	79.4
1	56.2
1	95.6
1	64.3
1	63.3
1	58.2
1	56.2
1	73.4
1	85.5
1	52.2
1	56.2
1	74.4
1	107.7
1	75.4
1	89.5
1	117.8
1	74.4
1	79.4
1	66.3
1	84.5
1	55.2
1	84.5
1	59.3
1	55.3
1	58.3
1	67.4
1	75.5
1	61.3
1	56.3
1	58.3
1	85.6
1	37.1
1	98.7
1	75.5
1	79.5
1	108.8
1	68.4
1	49.2
1	77.5
1	65.4
1	49.2
1	68.4
1	58.3
1	68.4
1	81.5
1	57.3
1	57.3
1	107.8
1	89.6
1	87.6
1	77.5
1	87.6
1	78.5
1	98.7
1	69.4
1	45.2
1	80.5
1	99.7
1	100.7
1	119.9
1	46.2
1	89.6
1	91.6
1	79.5
1	60.3
1	97.7
1	71.4
1	65.4
1	76.5
1	90.6
1	47.2
1	68.4
1	139
1	99.6
1	129.9
1	151.1
1	116.8
1	108.7
1	108.7
1	118.8
1	98.6
1	127.9
1	78.4
1	86.5
1	131.9
1	154.1
1	87.5
1	134.9
1	98.6
1	86.5
1	75.4
1	118.8
1	64.3
1	130.9
1	98.6
1	140
1	126.9
1	123.8
1	163.2
1	167.3
1	133.9
1	141
1	128.9
1	125.9
1	87.5
1	140
1	110.7
1	126.9
1	173.3
1	118.8
1	108.7
1	116.8
1	129.9
1	66.3
1	171.3
1	96.6
1	127.9
1	137
1	105.7
1	112.7
1	76.4
1	150.1
1	140.1
1	123.9
1	108.8
1	140.1
1	109.8
1	119.9
1	140.1
1	115.9
1	98.7
1	89.6
1	132
1	129
1	118.9
1	99.7
1	162.3
1	108.8
1	129
1	120.9
1	97.7
1	98.7
1	80.5
1	143.1
1	78.5
1	79.5
1	100.7
1	162.3
1	120.9
1	117.9
1	143.1
1	120.9
1	109.8
1	122.9
1	119.9
1	129
1	110.8
1	108.8
1	89.6
1	90.6
1	109.8
1	118.9
1	78.5
1	88.6
1	107.8
1	108.8
1	133
1	109.8
1	131
1	129
1	120.9
1	130
1	169.3
1	190.5
1	137
1	172.3
1	128.9
1	179.4
1	180.4
1	141
1	184.4
1	151.1
1	160.2
1	149.1
1	144
1	161.2
1	146.1
1	192.5
1	193.5
1	179.4
1	170.3
1	150.1
1	197.6
1	126.9
1	182.4
1	171.3
1	191.5
1	125.9
1	149.1
1	147.1
1	153.1
1	150.1
1	175.3
1	157.2
1	128.9
1	129.9
1	152.1
1	168.3
1	132.9
1	147.1
1	157.2
1	168.3
1	174.3
1	159.2
1	158.2
1	118.8
1	185.4
1	151.1
1	139
1	137
1	192.5
1	180.4
1	19
1	17
1	19
1	19
1	20
1	19
1	20
1	17
1	18
1	18
1	19
1	18
1	18
1	19
1	19
1	18
1	18
1	19
1	19
1	20
1	20
1	19
1	20
1	20
1	18
1	19
1	20
1	19
1	18
1	18
1	19
1	18
1	18
1	17
1	18
1	19
1	19
1	19
1	18
1	19
1	19
1	18
1	19
1	20
1	20
1	17
1	19
1	18
1	18
1	19
1	21
1	20
1	19
1	18
1	20
1	19
1	20
1	20
1	19
1	20
1	20
1	19
1	20
1	20
1	20
1	20
1	20
1	19
1	20
1	19
1	20
1	19
1	19
1	20
1	20
1	19
1	20
1	20
1	20
1	18
1	19
1	19
1	19
1	19
1	19
1	20
1	19
1	20
1	20
1	19
1	19
1	19
1	20
1	19
1	19
1	19
1	18
1	19
1	19
1	21
1	35
1	43.1
1	43.1
1	43.1
1	31
1	34
1	74.4
1	43.1
1	31
1	31
1	34
1	45.1
1	43.1
1	34
1	35
1	31
1	36
1	34
1	31
1	45.1
1	36
1	36
1	34
1	44.1
1	33
1	43.1
1	34
1	35
1	32
1	36
1	44.1
1	44.1
1	33
1	36
1	34
1	34
1	32
1	45.1
1	31
1	34
1	45.1
1	34
1	50.2
1	57.2
1	32
1	36
1	33
1	32
1	34
1	33
1	44.1
1	35
1	66.3
1	84.5
1	65.3
1	55.2
1	46.1
1	56.2
1	45.1
1	53.2
1	107.7
1	55.2
1	88.5
1	66.3
1	49.1
1	72.4
1	96.6
1	95.6
1	104.7
1	56.2
1	64.3
1	77.4
1	53.2
1	58.2
1	73.4
1	55.2
1	57.2
1	56.2
1	45.1
1	55.2
1	98.6
1	34
1	38
1	52.2
1	66.3
1	43.1
1	66.3
1	74.4
1	77.4
1	62.3
1	63.3
1	97.6
1	37
1	88.5
1	77.4
1	43.1
1	44.1
1	45.1
1	45.1
1	55.2
1	107.6
1	82.4
1	149
1	127.8
1	104.6
1	128.8
1	146
1	138.9
1	98.5
1	112.7
1	141.9
1	109.6
1	87.4
1	115.7
1	106.6
1	126.8
1	151
1	116.7
1	141.9
1	116.7
1	107.6
1	104.6
1	110.6
1	132.8
1	118.7
1	83.4
1	94.5
1	140.9
1	115.7
1	111.6
1	137.9
1	86.4
1	114.6
1	121.7
1	128.8
1	86.4
1	127.8
1	109.6
1	97.5
1	150
1	116.7
1	114.7
1	87.4
1	127.7
1	117.7
1	119.7
1	103.6
1	106.6
1	66.2
1	72.3
1	105.7
1	145.1
1	138
1	130.9
1	58.2
1	88.5
1	88.5
1	134
1	126.9
1	118.8
1	109.7
1	128.9
1	138
1	108.7
1	130.9
1	106.7
1	138
1	166.3
1	78.4
1	98.6
1	118.8
1	85.5
1	119.8
1	86.5
1	115.8
1	109.7
1	81.5
1	115.8
1	168.3
1	123.9
1	118.8
1	108.7
1	168.3
1	88.5
1	96.6
1	108.7
1	137
1	116.8
1	104.7
1	84.5
1	127.9
1	107.7
1	86.5
1	99.6
1	139
1	65.3
1	108.7
1	97.6
1	95.6
1	138
1	169.2
1	192.4
1	214.6
1	205.5
1	215.6
1	166.2
1	189.4
1	160.1
1	189.4
1	172.2
1	178.3
1	137.9
1	145
1	182.3
1	138.9
1	151
1	161.1
1	192.4
1	162.1
1	205.5
1	205.5
1	170.2
1	188.4
1	180.3
1	231.8
1	180.3
1	181.3
1	139.9
1	160.1
1	175.2
1	172.2
1	181.3
1	151
1	191.4
1	198.5
1	160.1
1	265.1
1	204.5
1	188.4
1	182.3
1	215.6
1	172.2
1	174.2
1	168.2
1	193.4
1	182.3
1	195.4
1	190.4
1	118.7
1	137.9
1	179.4
1	197.6
1	212.7
1	158.2
1	147.1
1	169.3
1	142
1	158.2
1	148.1
1	178.4
1	183.4
1	168.3
1	184.5
1	189.5
1	199.6
1	186.5
1	160.2
1	147.1
1	189.5
1	157.2
1	169.3
1	188.5
1	150.1
1	168.3
1	192.5
1	169.3
1	221.8
1	198.6
1	200.6
1	180.4
1	197.6
1	179.4
1	168.3
1	179.4
1	147.1
1	177.4
1	192.5
1	168.3
1	190.5
1	158.2
1	126.9
1	162.2
1	156.2
1	188.5
1	201.6
1	182.4
1	169.3
1	168.3
1	161.2
1	191.5
1	255
1	214.6
1	182.3
1	236.8
1	212.6
1	253
1	242.9
1	203.5
1	198.5
1	220.7
1	275.2
1	232.8
1	260.1
1	190.4
1	234.8
1	236.8
1	231.8
1	248.9
1	262.1
1	273.2
1	181.3
1	213.6
1	242.9
1	185.3
1	211.6
1	244.9
1	204.5
1	253
1	255
1	213.6
1	258
1	231.8
1	202.5
1	233.8
1	214.6
1	234.8
1	231.8
1	219.7
1	201.5
1	230.8
1	203.5
1	224.7
1	294.4
1	190.4
1	234.8
1	243.9
1	303.4
1	200.5
1	222.7
1	171.2
1	22
1	22
1	23
1	24
1	25
1	22
1	23
1	23
1	24
1	23
1	23
1	23
1	23
1	23
1	23
1	23
1	23
1	22
1	23
1	24
1	22
1	23
1	24
1	23
1	23
1	23
1	23
1	22
1	24
1	23
1	22
1	23
1	23
1	23
1	23
1	23
1	21
1	23
1	24
1	24
1	22
1	24
1	23
1	24
1	24
1	23
1	23
1	22
1	23
1	23
1	24
1	24
1	24
1	24
1	23
1	24
1	24
1	25
1	24
1	24
1	23
1	24
1	25
1	24
1	22
1	24
1	24
1	24
1	22
1	24
1	23
1	22
1	24
1	24
1	24
1	23
1	23
1	25
1	25
1	24
1	24
1	24
1	25
1	24
1	24
1	26
1	25
1	23
1	25
1	24
1	25
1	24
1	23
1	23
1	25
1	24
1	23
1	24
1	24
1	25
1	53.1
1	41
1	42
1	38
1	41
1	82.4
1	45
1	72.3
1	54.1
1	55.1
1	53.1
1	42
1	40
1	84.4
1	39
1	45
1	50.1
1	43
1	61.2
1	60.2
1	56.1
1	74.3
1	40
1	46
1	52.1
1	45
1	42
1	40
1	51.1
1	75.3
1	45
1	52.1
1	42
1	40
1	42
1	51.1
1	39
1	52.1
1	37
1	41
1	42
1	41
1	50.1
1	74.3
1	44
1	41
1	49
1	60.2
1	60.2
1	54.1
1	92.5
1	66.2
1	124.8
1	85.4
1	73.3
1	115.7
1	54.1
1	94.5
1	64.2
1	111.7
1	55.1
1	159.1
1	65.2
1	118.7
1	84.4
1	61.2
1	64.2
1	66.2
1	83.4
1	93.5
1	62.2
1	63.2
1	94.5
1	93.5
1	105.6
1	76.3
1	116.7
1	94.5
1	87.4
1	126.8
1	86.4
1	63.2
1	116.7
1	114.7
1	143
1	85.4
1	115.7
1	76.3
1	94.5
1	103.6
1	62.2
1	74.3
1	53.1
1	77.3
1	116.7
1	97.5
1	117.7
1	66.2
1	93.5
1	43
1	170.1
1	137.8
1	169.1
1	128.7
1	119.6
1	125.7
1	159
1	182.2
1	139.8
1	110.5
1	123.7
1	158
1	182.2
1	137.8
1	160
1	177.1
1	136.8
1	135.8
1	140.8
1	164
1	149.9
1	149.9
1	181.2
1	120.6
1	116.6
1	168.1
1	155.9
1	171.1
1	105.5
1	149.9
1	164
1	162
1	115.6
1	168.1
1	167.1
1	166.1
1	147.9
1	189.3
1	147.9
1	185.2
1	147.9
1	159
1	96.4
1	126.7
1	141.8
1	158
1	134.8
1	147.9
1	157
1	152.9
1	197.5
1	187.4
1	156.1
1	188.4
1	128.8
1	185.4
1	158.1
1	126.8
1	196.5
1	205.6
1	135.9
1	174.3
1	147
1	157.1
1	196.5
1	177.3
1	126.8
1	165.2
1	125.8
1	187.4
1	123.8
1	148
1	125.8
1	165.2
1	118.7
1	168.2
1	158.1
1	106.6
1	145
1	196.5
1	137.9
1	114.7
1	135.9
1	238.9
1	196.5
1	146
1	137.9
1	144
1	147
1	155.1
1	124.8
1	147
1	145
1	175.3
1	136.9
1	171.2
1	165.2
1	124.8
1	125.8
1	146
1	147.9
1	191.3
1	203.4
1	231.7
1	267
1	267.1
1	255.9
1	268
1	172.1
1	217.5
1	211.5
1	235.7
1	243.8
1	254.9
1	213.5
1	229.7
1	262
1	230.7
1	230.7
1	245.8
1	256.9
1	222.6
1	297.3
1	236.7
1	232.7
1	237.7
1	191.3
1	235.7
1	243.8
1	230.7
1	267
1	276.1
1	274.1
1	275.1
1	217.5
1	192.3
1	253.9
1	194.3
1	251.9
1	216.5
1	274.1
1	241.8
1	260
1	247.8
1	210.5
1	238.8
1	264
1	292.2
1	240.8
1	237.8
1	183.4
1	238.9
1	289.4
1	208.6
1	228.8
1	260.1
1	237.9
1	211.6
1	262.1
1	200.5
1	236.9
1	251
1	177.3
1	226.8
1	258.1
1	202.6
1	207.6
1	234.9
1	257.1
1	226.8
1	258.1
1	178.3
1	232.8
1	229.8
1	248
1	237.9
1	225.8
1	240.9
1	226.8
1	205.6
1	261.1
1	266.2
1	309.6
1	240.9
1	195.5
1	257.1
1	248
1	214.7
1	213.7
1	252
1	251
1	266.2
1	208.6
1	200.5
1	250
1	198.5
1	270.2
1	237.9
1	226.8
1	228.8
1	350.8
1	298.3
1	294.3
1	296.3
1	286.2
1	300.3
1	263
1	316.5
1	321.5
1	328.6
1	294.3
1	315.5
1	284.2
1	318.5
1	282.2
1	345.8
1	317.5
1	300.3
1	274.1
1	308.4
1	400.2
1	321.5
1	278.1
1	315.5
1	283.2
1	285.2
1	322.5
1	329.6
1	340.7
1	284.2
1	235.7
1	297.3
1	277.1
1	364
1	291.2
1	250.9
1	277.1
1	288.2
1	299.3
1	326.6
1	296.3
1	271.1
1	279.1
1	341.7
1	241.8
1	274.1
1	327.6
1	266
1	315.5
1	312.4
1	29
1	28
1	28
1	28
1	29
1	27
1	27
1	28
1	27
1	29
1	28
1	28
1	28
1	28
1	28
1	27
1	28
1	27
1	27
1	28
1	28
1	28
1	27
1	27
1	26
1	27
1	27
1	28
1	26
1	30
1	27
1	27
1	26
1	29
1	27
1	28
1	27
1	28
1	27
1	25
1	28
1	28
1	28
1	28
1	28
1	28
1	28
1	26
1	26
1	27
1	29
1	29
1	28
1	28
1	27
1	28
1	30
1	28
1	29
1	30
1	28
1	29
1	29
1	29
1	28
1	29
1	30
1	29
1	29
1	29
1	27
1	28
1	28
1	27
1	28
1	28
1	29
1	28
1	27
1	27
1	28
1	30
1	29
1	29
1	30
1	28
1	29
1	28
1	30
1	30
1	29
1	28
1	29
1	28
1	27
1	29
1	27
1	29
1	29
1	28
1	49
1	71.2
1	48
1	69.2
1	50
1	60.1
1	48
1	92.4
1	49
1	88.4
1	61.1
1	71.2
1	54
1	48
1	79.3
1	81.3
1	92.4
1	57.1
1	72.2
1	51
1	59.1
1	48
1	52
1	72.2
1	51
1	77.3
1	47
1	81.3
1	71.2
1	70.2
1	60.1
1	67.1
1	62.1
1	74.2
1	47
1	60.1
1	56.1
1	59.1
1	65.2
1	72.2
1	80.3
1	57.1
1	57.1
1	58.1
1	59.1
1	60.1
1	46
1	63.1
1	80.3
1	62.1
1	143.9
1	136.8
1	143.9
1	153
1	131.8
1	101.5
1	135.8
1	113.6
1	83.3
1	125.7
1	97.4
1	192.4
1	60.1
1	86.3
1	72.2
1	83.3
1	183.3
1	110.6
1	70.2
1	155
1	193.4
1	55
1	157
1	83.3
1	101.5
1	156
1	64.1
1	115.6
1	111.6
1	112.6
1	123.7
1	82.3
1	81.3
1	105.5
1	153
1	103.5
1	121.7
1	145.9
1	111.6
1	154
1	178.2
1	103.5
1	155
1	65.1
1	128.8
1	144.9
1	113.6
1	72.2
1	122.7
1	94.4
1	190.3
1	195.4
1	153
1	224.7
1	184.3
1	197.4
1	195.4
1	143.9
1	176.2
1	170.1
1	182.3
1	254
1	192.4
1	212.6
1	216.6
1	175.2
1	165.1
1	174.2
1	216.6
1	167.1
1	175.2
1	190.4
1	167.1
1	165.1
1	143.9
1	219.6
1	184.3
1	178.2
1	217.6
1	235.8
1	173.2
1	164.1
1	184.3
1	217.6
1	162.1
1	250.9
1	188.3
1	174.2
1	173.2
1	275.2
1	246.9
1	204.5
1	167.1
1	218.6
1	225.7
1	202.5
1	208.5
1	174.2
1	186.3
1	197.4
1	281.1
1	322.5
1	255.8
1	346.7
1	271
1	284.1
1	337.6
1	301.3
1	285.1
1	262.9
1	308.3
1	312.4
1	290.1
1	304.3
1	339.6
1	280.1
1	275
1	290.2
1	329.5
1	286.1
1	339.6
1	239.7
1	297.2
1	305.3
1	229.6
1	310.3
1	272
1	329.5
1	290.2
1	294.2
1	301.2
1	298.2
1	349.7
1	352.7
1	339.6
1	304.3
1	298.2
1	222.5
1	274
1	304.3
1	303.3
1	257.8
1	246.7
1	297.2
1	239.7
1	280
1	278
1	262.9
1	305.3
1	254.8
1	265.1
1	278.2
1	269.1
1	309.5
1	330.7
1	320.6
1	317.6
1	368.1
1	311.5
1	290.3
1	324.7
1	339.8
1	317.6
1	288.3
1	267.1
1	296.4
1	314.6
1	242.9
1	276.2
1	277.2
1	299.4
1	279.2
1	278.2
1	257
1	308.5
1	327.7
1	286.3
1	318.6
1	339.8
1	298.4
1	318.6
1	284.3
1	254
1	339.8
1	290.3
1	307.5
1	311.5
1	266.1
1	287.3
1	277.2
1	262
1	300.4
1	340.8
1	299.4
1	268.1
1	289.3
1	316.6
1	297.4
1	295.4
1	227.7
1	403.3
1	342.6
1	400.2
1	404.2
1	372.9
1	426.5
1	417.4
1	398.2
1	344.7
1	361.8
1	347.7
1	326.5
1	380
1	351.7
1	403.2
1	378
1	462.8
1	378
1	423.4
1	391.1
1	398.2
1	368.9
1	306.3
1	298.2
1	404.3
1	405.3
1	356.8
1	426.4
1	369.9
1	392.1
1	431.5
1	391.1
1	395.1
1	381
1	396.2
1	311.3
1	334.6
1	362.9
1	348.7
1	356.8
1	366.9
1	369.9
1	424.4
1	348.7
1	395.1
1	401.2
1	347.7
1	315.4
1	396.1
1	405.2
1	34
1	33
1	32
1	33
1	30
1	32
1	32
1	33
1	33
1	31
1	31
1	33
1	32
1	32
1	32
1	31
1	30
1	32
1	32
1	31
1	30
1	32
1	32
1	33
1	31
1	31
1	32
1	30
1	30
1	32
1	32
1	31
1	30
1	33
1	32
1	30
1	32
1	31
1	31
1	31
1	32
1	32
1	32
1	30
1	34
1	31
1	31
1	32
1	33
1	31
1	33
1	33
1	32
1	34
1	32
1	33
1	34
1	33
1	34
1	34
1	34
1	35
1	32
1	33
1	34
1	32
1	34
1	33
1	32
1	33
1	33
1	33
1	37
1	35
1	32
1	34
1	33
1	33
1	34
1	34
1	34
1	33
1	32
1	33
1	33
1	33
1	32
1	33
1	31
1	34
1	31
1	32
1	34
1	32
1	34
1	32
1	33
1	32
1	33
1	32
1	61
1	88.3
1	87.3
1	80.2
1	82.2
1	73.1
1	89.3
1	79.2
1	78.2
1	109.5
1	80.2
1	100.4
1	70.1
1	76.2
1	78.2
1	112.5
1	79.2
1	88.3
1	107.5
1	91.3
1	102.4
1	92.3
1	98.4
1	58
1	99.4
1	107.5
1	77.2
1	62
1	111.5
1	90.3
1	58
1	77.2
1	68.1
1	101.4
1	80.2
1	89.3
1	88.3
1	70.1
1	68.1
1	97.4
1	67.1
1	80.2
1	78.2
1	66.1
1	61
1	86.3
1	99.4
1	120.6
1	55
1	79.2
1	192.3
1	132.7
1	120.6
1	188.2
1	206.4
1	182.2
1	141.8
1	171.1
1	152.9
1	191.3
1	91.3
1	189.3
1	172.1
1	153.9
1	128.7
1	151.9
1	193.3
1	132.7
1	161
1	152.9
1	142.8
1	161
1	163
1	109.5
1	171.1
1	90.3
1	119.6
1	150.9
1	235.7
1	143.8
1	98.4
1	120.6
1	189.3
1	140.8
1	216.5
1	162
1	88.3
1	137.8
1	180.2
1	161
1	130.7
1	151.9
1	172.1
1	118.6
1	152.9
1	113.5
1	205.4
1	132.7
1	167.1
1	194.3
1	277.1
1	194.3
1	246.8
1	228.6
1	244.8
1	297.3
1	317.5
1	269
1	215.5
1	237.7
1	166
1	216.5
1	256.9
1	217.5
1	246.8
1	215.5
1	225.6
1	227.6
1	252.9
1	222.6
1	174.1
1	317.5
1	275.1
1	315.5
1	248.8
1	219.6
1	209.5
1	271
1	229.7
1	287.2
1	296.3
1	250.9
1	211.5
1	252.9
1	246.8
1	202.4
1	196.3
1	253.9
1	225.6
1	256.9
1	232.7
1	274.1
1	212.5
1	236.7
1	283.2
1	233.7
1	317.5
1	226.6
1	267
1	205.4
1	366.8
1	406.1
1	314.3
1	378.9
1	398.1
1	350.6
1	380.9
1	358.7
1	392
1	338.5
1	452.6
1	360.7
1	338.5
1	335.5
1	384.9
1	428.4
1	450.6
1	345.6
1	317.3
1	354.7
1	358.7
1	325.4
1	405.1
1	336.5
1	396
1	422.3
1	392
1	408.2
1	382.9
1	391
1	348.6
1	353.7
1	378.9
1	363.7
1	329.4
1	285
1	381.9
1	374.9
1	380.9
1	342.6
1	361.7
1	354.7
1	362.8
1	376.9
1	426.4
1	370.8
1	377.9
1	315.3
1	359.7
1	328.4
1	388.2
1	368
1	298.3
1	389.2
1	388.2
1	355.9
1	372
1	306.4
1	381.1
1	316.5
1	345.8
1	303.4
1	390.2
1	376.1
1	329.6
1	355.9
1	314.5
1	372
1	335.7
1	397.3
1	306.4
1	347.8
1	384.2
1	337.7
1	312.5
1	381.1
1	368
1	387.2
1	359.9
1	408.4
1	325.6
1	294.3
1	366
1	391.2
1	349.8
1	328.6
1	322.6
1	369
1	458.9
1	379.1
1	288.2
1	365
1	306.4
1	316.5
1	381.1
1	305.4
1	337.7
1	326.6
1	363
1	371
1	441.5
1	463.7
1	428.4
1	502
1	528.3
1	500.1
1	529.3
1	456.7
1	364.8
1	386
1	442.5
1	451.6
1	477.8
1	451.6
1	473.8
1	373.8
1	461.7
1	487.9
1	502.1
1	480.9
1	431.4
1	534.4
1	465.7
1	420.3
1	431.4
1	428.4
1	439.5
1	495
1	410.2
1	449.6
1	493
1	473.8
1	434.4
1	442.5
1	453.6
1	468.7
1	505.1
1	449.6
1	528.3
1	491
1	392
1	453.6
1	412.2
1	440.5
1	418.3
1	453.6
1	404.2
1	515.2
1	492
1	400.1
1	35
1	37
1	37
1	37
1	36
1	36
1	38
1	34
1	37
1	33
1	38
1	36
1	36
1	38
1	36
1	36
1	37
1	35
1	38
1	37
1	35
1	36
1	37
1	37
1	37
1	38
1	35
1	37
1	34
1	36
1	37
1	38
1	36
1	35
1	37
1	36
1	37
1	38
1	36
1	37
1	36
1	38
1	36
1	36
1	36
1	37
1	37
1	37
1	38
1	37
1	36
1	38
1	37
1	38
1	39
1	34
1	39
1	39
1	37
1	38
1	38
1	40
1	40
1	36
1	38
1	37
1	36
1	38
1	38
1	37
1	37
1	38
1	38
1	37
1	38
1	38
1	41
1	39
1	38
1	38
1	38
1	38
1	38
1	39
1	36
1	36
1	36
1	39
1	39
1	37
1	37
1	36
1	38
1	40
1	38
1	38
1	39
1	36
1	37
1	37
1	73.1
1	127.6
1	67
1	94.3
1	117.5
1	98.3
1	116.5
1	114.5
1	86.2
1	76.1
1	95.3
1	82.2
1	103.4
1	95.3
1	97.3
1	96.3
1	97.3
1	117.5
1	127.6
1	105.4
1	98.3
1	90.2
1	103.4
1	108.4
1	105.4
1	97.3
1	84.2
1	116.5
1	104.4
1	83.2
1	99.3
1	106.4
1	91.3
1	108.4
1	134.7
1	118.5
1	89.2
1	77.1
1	100.3
1	96.3
1	78.1
1	108.4
1	119.5
1	128.6
1	109.4
1	128.6
1	82.2
1	68
1	98.3
1	119.5
1	214.4
1	223.5
1	305.3
1	301.3
1	152.8
1	239.7
1	107.4
1	169
1	136.7
1	210.4
1	234.6
1	180.1
1	223.5
1	151.8
1	231.6
1	181.1
1	139.7
1	194.2
1	157.9
1	189.2
1	200.3
1	199.3
1	198.2
1	163.9
1	191.2
1	117.5
1	150.8
1	129.6
1	239.7
1	168
1	221.5
1	231.6
1	172
1	227.5
1	167
1	192.2
1	137.7
1	152.8
1	180.1
1	253.8
1	235.6
1	190.2
1	211.4
1	262.9
1	182.1
1	214.4
1	210.4
1	275
1	193.2
1	201.3
1	233.6
1	421.4
1	263.9
1	264.9
1	293.2
1	282.1
1	325.5
1	264.9
1	273
1	284.1
1	297.2
1	309.3
1	314.4
1	272
1	278
1	263.9
1	239.7
1	313.4
1	245.7
1	253.8
1	298.2
1	292.2
1	321.5
1	284.1
1	300.2
1	296.2
1	243.7
1	273
1	245.7
1	261.9
1	274
1	408.3
1	279
1	323.5
1	322.5
1	322.5
1	291.2
1	277
1	278
1	287.1
1	251.8
1	295.2
1	231.6
1	263.9
1	304.3
1	242.7
1	241.7
1	252.8
1	294.2
1	390.1
1	430.3
1	407.1
1	462.6
1	382.8
1	412.1
1	424.2
1	413.1
1	431.3
1	394
1	464.6
1	465.6
1	348.5
1	452.5
1	423.2
1	418.2
1	434.3
1	441.4
1	445.5
1	386.9
1	377.8
1	411.1
1	474.7
1	473.7
1	483.8
1	386.9
1	461.6
1	423.2
1	415.2
1	435.4
1	436.4
1	420.2
1	419.2
1	450.5
1	416.2
1	419.2
1	366.7
1	441.4
1	492.9
1	456.5
1	408.1
1	472.7
1	455.5
1	460.6
1	479.8
1	466.6
1	447.4
1	440.4
1	404
1	458.6
1	444.4
1	376
1	388.1
1	360.8
1	428.5
1	456.8
1	395.2
1	427.5
1	465.9
1	516.4
1	481
1	384.1
1	439.6
1	428.5
1	396.2
1	364.9
1	428.5
1	459.8
1	397.2
1	412.4
1	387.1
1	417.4
1	375
1	458.8
1	406.3
1	372
1	424.5
1	393.2
1	417.4
1	408.3
1	388.1
1	410.3
1	428.5
1	461.8
1	397.2
1	418.4
1	401.3
1	467.9
1	412.3
1	365.9
1	447.7
1	380
1	363.9
1	362.9
1	353.8
1	383.1
1	436.6
1	439.6
1	428.5
1	403.3
1	425.5
1	571.6
1	504
1	523.2
1	538.3
1	502
1	597.9
1	593.8
1	566.6
1	557.5
1	590.8
1	554.5
1	527.2
1	536.3
1	463.6
1	520.2
1	581.7
1	492.9
1	521.2
1	550.5
1	655.4
1	595.9
1	548.4
1	548.5
1	584.8
1	538.3
1	555.5
1	497.9
1	521.2
1	548.4
1	579.7
1	512.1
1	491.8
1	514.1
1	535.3
1	545.4
1	594.8
1	502
1	582.8
1	546.4
1	569.6
1	596.8
1	556.5
1	529.2
1	510.1
1	558.5
1	519.2
1	489.9
1	600.9
1	608
1	558.5
1	41
1	41
1	41
1	40
1	41
1	41
1	41
1	43
1	40
1	42
1	41
1	42
1	41
1	40
1	40
1	42
1	39
1	42
1	42
1	40
1	41
1	42
1	37
1	39
1	41
1	41
1	39
1	41
1	41
1	40
1	43
1	44
1	42
1	38
1	41
1	40
1	41
1	41
1	39
1	42
1	42
1	41
1	43
1	41
1	39
1	42
1	42
1	39
1	42
1	40
1	43
1	43
1	44
1	42
1	43
1	40
1	41
1	42
1	42
1	43
1	42
1	42
1	43
1	42
1	42
1	44
1	41
1	43
1	42
1	42
1	43
1	53.1
1	43
1	44
1	42
1	43
1	43
1	41
1	41
1	41
1	41
1	43
1	44
1	42
1	46
1	42
1	40
1	42
1	45
1	41
1	42
1	40
1	43
1	44
1	43
1	43
1	42
1	42
1	43
1	41
1	125.5
1	117.4
1	127.5
1	115.4
1	83.1
1	115.4
1	102.2
1	104.3
1	105.3
1	138.6
1	147.7
1	122.5
1	153.8
1	123.5
1	137.6
1	111.4
1	127.5
1	104.3
1	112.4
1	118.4
1	164.9
1	139.7
1	139.6
1	122.5
1	115.4
1	138.6
1	97.2
1	97.2
1	122.5
1	104.3
1	120.4
1	104.3
1	98.2
1	136.6
1	115.4
1	127.5
1	150.8
1	100.3
1	91.2
1	127.5
1	107.3
1	111.4
1	91.2
1	138.6
1	103.3
1	121.5
1	107.3
1	168.9
1	145.7
1	115.4
1	211.3
1	241.6
1	326.4
1	219.4
1	149.7
1	272.9
1	171.9
1	239.6
1	251.7
1	147.7
1	200.2
1	211.3
1	246.7
1	307.3
1	176
1	229.5
1	273.9
1	250.7
1	231.5
1	234.5
1	148.7
1	219.4
1	243.6
1	254.7
1	287.1
1	230.5
1	207.3
1	236.6
1	272.9
1	250.7
1	219.4
1	220.4
1	228.5
1	249.7
1	273.9
1	277.9
1	221.4
1	249.7
1	230.5
1	284
1	208.3
1	197.2
1	232.5
1	279
1	248.7
1	191.1
1	137.6
1	237.6
1	185.1
1	259.8
1	284
1	304.2
1	356.7
1	352.7
1	342.6
1	267.9
1	413.3
1	351.7
1	300.1
1	420.3
1	325.4
1	302.2
1	321.4
1	328.4
1	371.9
1	291.1
1	313.3
1	417.3
1	270.9
1	383
1	340.6
1	325.4
1	323.4
1	362.8
1	413.3
1	327.5
1	351.7
1	301.2
1	292.1
1	321.4
1	276.9
1	396.1
1	287.1
1	365.8
1	351.7
1	385
1	378.9
1	354.7
1	389
1	289.1
1	354.7
1	313.3
1	279
1	313.3
1	342.6
1	256.8
1	379
1	260.8
1	325.4
1	350.7
1	485.7
1	446.3
1	462.5
1	526.1
1	563.5
1	461.5
1	460.5
1	486.7
1	510
1	493.8
1	489.8
1	511.9
1	539.2
1	434.2
1	512
1	520
1	535.2
1	450.4
1	487.7
1	481.7
1	544.3
1	482.7
1	496.9
1	429.2
1	534.2
1	499.8
1	521
1	515
1	466.6
1	506.9
1	502.9
1	496.9
1	489.7
1	485.7
1	472.5
1	430.1
1	459.5
1	489.8
1	486.7
1	440.3
1	545.3
1	464.5
1	484.7
1	488.7
1	474.6
1	527.1
1	500.9
1	461.5
1	505.9
1	473.6
1	474.9
1	455.7
1	467.8
1	510.2
1	474.9
1	510.2
1	483
1	503.2
1	492
1	455.7
1	489
1	520.3
1	464.8
1	497.1
1	434.5
1	444.6
1	413.3
1	469.9
1	447.6
1	466.8
1	476.9
1	449.7
1	447.6
1	559.7
1	466.8
1	500.1
1	468.8
1	423.4
1	489
1	455.7
1	451.7
1	494.1
1	593
1	417.3
1	507.2
1	505.2
1	518.3
1	505.2
1	526.4
1	477.9
1	520.3
1	471.8
1	538.5
1	477.9
1	496.1
1	497.1
1	507.2
1	402.2
1	489
1	511.2
1	618
1	677.5
1	656.3
1	602.9
1	644.2
1	644.2
1	630.1
1	610.9
1	628
1	607.9
1	610.9
1	658.4
1	685.6
1	525.2
1	593.8
1	667.4
1	661.4
1	615
1	681.6
1	552.4
1	602.9
1	635.1
1	613.9
1	568.5
1	643.2
1	599.8
1	720
1	622
1	646.3
1	579.6
1	661.4
1	598.8
1	661.4
1	654.3
1	661.4
1	614
1	530.2
1	618
1	650.3
1	593.8
1	669.4
1	607.9
1	610.9
1	484.7
1	640.2
1	544.3
1	659.4
1	519.1
1	614
1	613.9
1	45
1	46
1	46
1	46
1	45
1	45
1	46
1	46
1	46
1	46
1	45
1	46
1	45
1	46
1	43
1	45
1	45
1	46
1	43
1	47
1	49
1	46
1	43
1	43
1	45
1	46
1	47
1	46
1	44
1	45
1	45
1	46
1	46
1	45
1	45
1	44
1	45
1	47
1	46
1	46
1	45
1	45
1	45
1	45
1	44
1	46
1	46
1	46
1	46
1	46
1	46
1	48
1	45
1	48
1	48
1	47
1	47
1	47
1	47
1	46
1	48
1	44
1	47
1	44
1	46
1	48
1	45
1	45
1	48
1	47
1	48
1	46
1	47
1	48
1	47
1	45
1	48
1	46
1	47
1	47
1	47
1	47
1	47
1	49
1	46
1	47
1	46
1	46
1	47
1	47
1	46
1	45
1	45
1	47
1	47
1	48
1	47
1	49
1	46
1	47
1	193.1
1	125.4
1	136.5
1	125.4
1	156.7
1	109.3
1	110.3
1	116.3
1	173.9
1	129.5
1	143.6
1	150.7
1	134.5
1	147.6
1	165.8
1	125.4
1	110.3
1	156.7
1	109.3
1	136.5
1	109.3
1	153.7
1	122.4
1	154.7
1	109.3
1	134.5
1	123.4
1	153.7
1	126.4
1	164.8
1	124.4
1	103.2
1	121.4
1	123.4
1	152.7
1	189
1	132.5
1	128.4
1	119.4
1	154.7
1	165.8
1	143.6
1	132.5
1	154.7
1	142.6
1	143.6
1	156.7
1	123.4
1	141.6
1	146.6
1	275.9
1	278.9
1	192.1
1	271.8
1	302.1
1	310.2
1	278.9
1	284
1	215.3
1	191.1
1	349.6
1	338.5
1	277.9
1	313.2
1	226.4
1	208.2
1	249.6
1	345.5
1	272.8
1	261.7
1	329.4
1	165.8
1	322.3
1	310.2
1	247.6
1	340.5
1	246.6
1	238.5
1	228.4
1	215.3
1	317.3
1	370.8
1	267.8
1	292
1	272.8
1	248.6
1	237.5
1	297.1
1	334.4
1	205.2
1	257.7
1	310.2
1	344.5
1	318.3
1	255.7
1	188
1	259.7
1	329.4
1	291
1	183
1	411.2
1	366.8
1	399.1
1	356.6
1	390
1	405.1
1	342.5
1	333.4
1	315.3
1	379.9
1	311.2
1	364.7
1	419.3
1	376.8
1	350.6
1	331.4
1	474.8
1	539.4
1	350.6
1	369.8
1	381.9
1	384.9
1	432.4
1	281.9
1	349.6
1	410.2
1	404.1
1	415.2
1	351.6
1	355.7
1	409.2
1	431.4
1	416.2
1	299.1
1	385.9
1	414.2
1	381.9
1	434.4
1	401.1
1	339.5
1	340.5
1	377.9
1	338.5
1	371.8
1	361.7
1	379.9
1	361.7
1	333.4
1	476.8
1	411.2
1	629.9
1	519
1	570.4
1	595.7
1	573.5
1	558.3
1	506.8
1	600.7
1	480.6
1	417
1	521
1	563.4
1	549.2
1	578.5
1	589.6
1	522
1	563.4
1	569.4
1	591.7
1	582.5
1	518
1	471.5
1	615.9
1	458.4
1	585.6
1	575.5
1	556.3
1	569.5
1	600.8
1	602.7
1	581.5
1	584.6
1	542.2
1	591.6
1	511.9
1	548.2
1	594.7
1	530.1
1	601.7
1	494.7
1	546.2
1	539.1
1	522
1	526
1	539.2
1	530
1	544.2
1	527
1	478.5
1	511.9
1	504.1
1	519.2
1	666.7
1	561.6
1	579.8
1	492
1	556.6
1	543.5
1	546.5
1	513.2
1	560.6
1	584.9
1	515.2
1	522.3
1	555.6
1	581.8
1	552.6
1	565.7
1	474.8
1	537.4
1	551.6
1	658.6
1	512.2
1	539.4
1	486.9
1	535.4
1	619.2
1	533.4
1	582.9
1	534.4
1	496
1	538.5
1	579.8
1	586.9
1	587.9
1	514.2
1	546.5
1	548.5
1	524.3
1	577.8
1	587.9
1	607.1
1	575.8
1	489
1	564.7
1	527.3
1	572.8
1	474.8
1	486.9
1	549.5
1	748.1
1	710.8
1	720.9
1	718.9
1	741.1
1	759.2
1	714.8
1	645.1
1	684.5
1	738
1	748.1
1	751.1
1	739
1	597.7
1	656.3
1	784.4
1	675.5
1	693.6
1	721.9
1	592.7
1	700.7
1	734
1	654.3
1	709.8
1	690.6
1	743
1	750.1
1	691.6
1	649.2
1	712.8
1	655.3
1	715.8
1	644.1
1	670.4
1	677.5
1	700.7
1	694.6
1	732
1	666.3
1	632
1	668.4
1	700.7
1	722.9
1	749.1
1	725.9
1	714.8
1	745.1
1	709.8
1	671.4
1	680.5
